00111001000000000000000000000110
00000000000000000000000000000000
00111000110000000000000000000011
00000000000000000000000000000000
00111100001000000000000000000001
00100000001000010000110000000000
00111100011000000000000000000010
00111000101000000000000000001001
00000000000000000000000000000000
10000000001000100001100100000000
00010100010000100000000000000000
00100000100001000000001000000000
00011000101001010000000000000000
00000000000000000000000000000000
01010000000001010000000000001000
00000000000000000000000000000000
00100100100001000001001000000000
00000100100001000011100000000000
00010100111001110000000000000000
00000000000000000000000000000000
00000000100001000011100000000000
00011000110001100000000000000000
00000000001000000000000000000000
00000000000000000000000000000000
01010000000001100000000000000011
00000000000000000000000000000000
00011001000010000000000000000000
00111000111000000000000000000000
00100001010010100001010000000000
00100001001010010000000000011011
00000000010000000100100000000000
00000000100000000101000000000000
00000000000000000000000000000000
01010000000010000000000000000001
00110100010000000000000000000000
00110100100000000000000000000000
00111100001000000000000000000001
00111100011000000000000000000001
00111000111000000000000000000011
00111000110000000000000001100000
00000000000000000000000000000000
10000000001000100001100100000000
00010100010000100000000000000000
00010100100001000000000000000000
00011000110001100000000000000000
00000000000000000000000000000000
01010000000001100000000000101000
00100000010000100000001110100000
00011000111001110000000000000000
00000000000000000000000000000000
01010000000001110000000000100111
00000000000000000000000000000000
00111100001000000000000000000001
00100000001000010000111101100000
00111100011000000000000000000011
00110100010000000000000000000000
00110100100000000000000000000000
00111000101000000000000000000110
00000000000000000000000000000000
10000000001000100001100100000000
00011000101001010000000000000000
00010100010000100000000000000000
00010100100001000000000000000000
00000000000000000000000000000000
01010000000001010000000000111010
00000000000000000000000000000000
00110100001000000000000000000000
00110100010000000000000000000000
00111100011000000000000000000101
00110100100000000000000000000000
00111000110000000000000111000100
00000000000000000000000000000000
10000000001000100001100100000000
00010100010000100000000000000000
00010100100001000000000000000000
00011000110001100000000000000000
00000000000000000000000000000000
01010000000001100000000001000111
00000000000000000000000000000000
01011000000000000000000000000000
01010100000000000000000000000000
00000000000000000000000000000000
00100000010000000000000000100000
00110100100000000000000000000000
00111100001000000000000000000001
00111100011000000000000000000001
00111000111000000000000000000011
00111000110000000000000010000000
00000000000000000000000000000000
10000000001000100001100100000000
00010100010000100000000000000000
00010100100001000000000000000000
00011000110001100000000000000000
00000000000000000000000000000000
01010000000001100000000001011000
00100000010000100000001110000000
00011000111001110000000000000000
00000000000000000000000000000000
01010000000001110000000001010111
00000000000000000000000000000000
00111100001000000000000000000011
00110100010000000000000000000000
00111100011000000000000000000001
00100000011000110011001110100000
00110100100000000000000000000000
00111000101000000000000000000110
00111000110000000000000000010000
00000000000000000000000000000000
10001100001000100001100100000000
00010100010000100000000000000000
00010100100001000000000000000000
00011000110001100000000000000000
00000000000000000000000000000000
01010000000001100000000001101011
00011000101001010000000000000000
00110100100000000000000000000000
00100000011000110000000100000000
00000000000000000000000000000000
01010000000001010000000001101010
00000000000000000000000000000000
00110100001000000000000000000000
00111000010000000000000111000100
00111100011000000000000000000101
00110100100000000000000000000000
00111000110000000000000111010101
00000000000000000000000000000000
10000000001000100001100100000000
00010100010000100000000000000000
00010100100001000000000000000000
00011000110001100000000000000000
00000000000000000000000000000000
01010000000001100000000001111101
00000000000000000000000000000000
01011000000000000000000000000000
01010100000000000000000000000000
00000000000000000000000000000000
00111100001000000000000000000011
00110100010000000000000000000000
00111100011000000000000000000001
00100000011000110011001110110000
00110100100000000000000000000000
00111000101000000000000000000110
00111000110000000000000000010000
00000000000000000000000000000000
10001100001000100001100100000000
00010100010000100000000000000000
00010100100001000000000000000000
00011000110001100000000000000000
00000000000000000000000000000000
01010000000001100000000010001111
00011000101001010000000000000000
00110100100000000000000000000000
00100000011000110000000100000000
00000000000000000000000000000000
01010000000001010000000010001110
00000000000000000000000000000000
00100000010000000000000001100000
00110100100000000000000000000000
00111100001000000000000000000001
00111100011000000000000000000001
00111000111000000000000000000011
00111000110000000000000010000000
00000000000000000000000000000000
10000000001000100001100100000000
00010100010000100000000000000000
00010100100001000000000000000000
00011000110001100000000000000000
00000000000000000000000000000000
01010000000001100000000010100010
00100000010000100000001110000000
00011000111001110000000000000000
00000000000000000000000000000000
01010000000001110000000010100001
00000000000000000000000000000000
01011000000000000000000000000000
01010100000000000000000000000000
00000000000000000000000000000000
00111100001000000000000000000011
00110100010000000000000000000000
00111100011000000000000000000001
00100000011000110011001111000000
00110100100000000000000000000000
00111000101000000000000000000110
00111000110000000000000000010000
00000000000000000000000000000000
10001100001000100001100100000000
00010100010000100000000000000000
00010100100001000000000000000000
00011000110001100000000000000000
00000000000000000000000000000000
01010000000001100000000010111000
00011000101001010000000000000000
00110100100000000000000000000000
00100000011000110000000100000000
00000000000000000000000000000000
01010000000001010000000010110111
00000000000000000000000000000000
00100000010000000000000010100000
00110100100000000000000000000000
00111100001000000000000000000001
00111100011000000000000000000001
00111000111000000000000000000011
00111000110000000000000010000000
00000000000000000000000000000000
10000000001000100001100100000000
00010100010000100000000000000000
00010100100001000000000000000000
00011000110001100000000000000000
00000000000000000000000000000000
01010000000001100000000011001011
00100000010000100000001110000000
00011000111001110000000000000000
00000000000000000000000000000000
01010000000001110000000011001010
00000000000000000000000000000000
01011000000000000000000000000000
01010100000000000000000000000000
00000000000000000000000000000000
00111100001000000000000000000011
00110100010000000000000000000000
00111100011000000000000000000001
00100000011000110011001111010000
00110100100000000000000000000000
00111000101000000000000000000110
00111000110000000000000000010000
00000000000000000000000000000000
10001100001000100001100100000000
00010100010000100000000000000000
00010100100001000000000000000000
00011000110001100000000000000000
00000000000000000000000000000000
01010000000001100000000011100001
00011000101001010000000000000000
00110100100000000000000000000000
00100000011000110000000100000000
00000000000000000000000000000000
01010000000001010000000011100000
00000000000000000000000000000000
00100000010000000000000011100000
00110100100000000000000000000000
00111100001000000000000000000001
00111100011000000000000000000001
00111000111000000000000000000011
00111000110000000000000010000000
00000000000000000000000000000000
10000000001000100001100100000000
00010100010000100000000000000000
00010100100001000000000000000000
00011000110001100000000000000000
00000000000000000000000000000000
01010000000001100000000011110100
00100000010000100000001110000000
00011000111001110000000000000000
00000000000000000000000000000000
01010000000001110000000011110011
00000000000000000000000000000000
01011000000000000000000000000000
01010100000000000000000000000000
00000000000000000000000000000000
00111100001000000000000000000011
00110100010000000000000000000000
00111100011000000000000000000001
00100000011000110011001111100000
00110100100000000000000000000000
00111000101000000000000000000110
00111000110000000000000000010000
00000000000000000000000000000000
10001100001000100001100100000000
00010100010000100000000000000000
00010100100001000000000000000000
00011000110001100000000000000000
00000000000000000000000000000000
01010000000001100000000100001010
00011000101001010000000000000000
00110100100000000000000000000000
00100000011000110000000100000000
00000000000000000000000000000000
01010000000001010000000100001001
00000000000000000000000000000000
00100000010000000000000100100000
00110100100000000000000000000000
00111100001000000000000000000001
00111100011000000000000000000001
00111000111000000000000000000011
00111000110000000000000010000000
00000000000000000000000000000000
10000000001000100001100100000000
00010100010000100000000000000000
00010100100001000000000000000000
00011000110001100000000000000000
00000000000000000000000000000000
01010000000001100000000100011101
00100000010000100000001110000000
00011000111001110000000000000000
00000000000000000000000000000000
01010000000001110000000100011100
00000000000000000000000000000000
01011000000000000000000000000000
01010100000000000000000000000000
00000000000000000000000000000000
00111100001000000000000000000011
00110100010000000000000000000000
00111100011000000000000000000001
00100000011000110011001111110000
00110100100000000000000000000000
00111000101000000000000000000110
00111000110000000000000000010000
00000000000000000000000000000000
10001100001000100001100100000000
00010100010000100000000000000000
00010100100001000000000000000000
00011000110001100000000000000000
00000000000000000000000000000000
01010000000001100000000100110011
00011000101001010000000000000000
00110100100000000000000000000000
00100000011000110000000100000000
00000000000000000000000000000000
01010000000001010000000100110010
00000000000000000000000000000000
00100000010000000000000101100000
00110100100000000000000000000000
00111100001000000000000000000001
00111100011000000000000000000001
00111000111000000000000000000011
00111000110000000000000010000000
00000000000000000000000000000000
10000000001000100001100100000000
00010100010000100000000000000000
00010100100001000000000000000000
00011000110001100000000000000000
00000000000000000000000000000000
01010000000001100000000101000110
00100000010000100000001110000000
00011000111001110000000000000000
00000000000000000000000000000000
01010000000001110000000101000101
00000000000000000000000000000000
01011000000000000000000000000000
01010100000000000000000000000000
00000000000000000000000000000000
00111100001000000000000000000011
00110100010000000000000000000000
00111100011000000000000000000001
00100000011000110011010000000000
00110100100000000000000000000000
00111000101000000000000000000110
00111000110000000000000000010000
00000000000000000000000000000000
10001100001000100001100100000000
00010100010000100000000000000000
00010100100001000000000000000000
00011000110001100000000000000000
00000000000000000000000000000000
01010000000001100000000101011100
00011000101001010000000000000000
00110100100000000000000000000000
00100000011000110000000100000000
00000000000000000000000000000000
01010000000001010000000101011011
00000000000000000000000000000000
00100000010000000000000110100000
00110100100000000000000000000000
00111100001000000000000000000001
00111100011000000000000000000001
00111000111000000000000000000011
00111000110000000000000010000000
00000000000000000000000000000000
10000000001000100001100100000000
00010100010000100000000000000000
00010100100001000000000000000000
00011000110001100000000000000000
00000000000000000000000000000000
01010000000001100000000101101111
00100000010000100000001110000000
00011000111001110000000000000000
00000000000000000000000000000000
01010000000001110000000101101110
00000000000000000000000000000000
01011000000000000000000000000000
01010100000000000000000000000000
00000000000000000000000000000000
00111100001000000000000000000011
00110100010000000000000000000000
00111100011000000000000000000001
00100000011000110011010000010000
00110100100000000000000000000000
00111000101000000000000000000110
00111000110000000000000000010000
00000000000000000000000000000000
10001100001000100001100100000000
00010100010000100000000000000000
00010100100001000000000000000000
00011000110001100000000000000000
00000000000000000000000000000000
01010000000001100000000110000101
00011000101001010000000000000000
00110100100000000000000000000000
00100000011000110000000100000000
00000000000000000000000000000000
01010000000001010000000110000100
00000000000000000000000000000000
00100000010000000000000111100000
00110100100000000000000000000000
00111100001000000000000000000001
00111100011000000000000000000001
00111000111000000000000000000011
00111000110000000000000010000000
00000000000000000000000000000000
10000000001000100001100100000000
00010100010000100000000000000000
00010100100001000000000000000000
00011000110001100000000000000000
00000000000000000000000000000000
01010000000001100000000110011000
00100000010000100000001110000000
00011000111001110000000000000000
00000000000000000000000000000000
01010000000001110000000110010111
00000000000000000000000000000000
01011000000000000000000000000000
01010100000000000000000000000000
00000000000000000000000000000000
00111100001000000000000000000011
00110100010000000000000000000000
00111100011000000000000000000001
00100000011000110011010000100000
00110100100000000000000000000000
00111000101000000000000000000110
00111000110000000000000000010000
00000000000000000000000000000000
10001100001000100001100100000000
00010100010000100000000000000000
00010100100001000000000000000000
00011000110001100000000000000000
00000000000000000000000000000000
01010000000001100000000110101110
00011000101001010000000000000000
00110100100000000000000000000000
00100000011000110000000100000000
00000000000000000000000000000000
01010000000001010000000110101101
00000000000000000000000000000000
00100000010000000000001000100000
00110100100000000000000000000000
00111100001000000000000000000001
00111100011000000000000000000001
00111000111000000000000000000011
00111000110000000000000010000000
00000000000000000000000000000000
10000000001000100001100100000000
00010100010000100000000000000000
00010100100001000000000000000000
00011000110001100000000000000000
00000000000000000000000000000000
01010000000001100000000111000001
00100000010000100000001110000000
00011000111001110000000000000000
00000000000000000000000000000000
01010000000001110000000111000000
00000000000000000000000000000000
01011000000000000000000000000000
01010100000000000000000000000000
00000000000000000000000000000000
00111100001000000000000000000011
00110100010000000000000000000000
00111100011000000000000000000001
00100000011000110011010000110000
00110100100000000000000000000000
00111000101000000000000000000110
00111000110000000000000000010000
00000000000000000000000000000000
10001100001000100001100100000000
00010100010000100000000000000000
00010100100001000000000000000000
00011000110001100000000000000000
00000000000000000000000000000000
01010000000001100000000111010111
00011000101001010000000000000000
00110100100000000000000000000000
00100000011000110000000100000000
00000000000000000000000000000000
01010000000001010000000111010110
00000000000000000000000000000000
00100000010000000000001001100000
00110100100000000000000000000000
00111100001000000000000000000001
00111100011000000000000000000001
00111000111000000000000000000011
00111000110000000000000010000000
00000000000000000000000000000000
10000000001000100001100100000000
00010100010000100000000000000000
00010100100001000000000000000000
00011000110001100000000000000000
00000000000000000000000000000000
01010000000001100000000111101010
00100000010000100000001110000000
00011000111001110000000000000000
00000000000000000000000000000000
01010000000001110000000111101001
00000000000000000000000000000000
01011000000000000000000000000000
01010100000000000000000000000000
00000000000000000000000000000000
00111100001000000000000000000011
00110100010000000000000000000000
00111100011000000000000000000001
00100000011000110011010001000000
00110100100000000000000000000000
00111000101000000000000000000110
00111000110000000000000000010000
00000000000000000000000000000000
10001100001000100001100100000000
00010100010000100000000000000000
00010100100001000000000000000000
00011000110001100000000000000000
00000000000000000000000000000000
01010000000001100000001000000000
00011000101001010000000000000000
00110100100000000000000000000000
00100000011000110000000100000000
00000000000000000000000000000000
01010000000001010000000111111111
00000000000000000000000000000000
00100000010000000000001010100000
00110100100000000000000000000000
00111100001000000000000000000001
00111100011000000000000000000001
00111000111000000000000000000011
00111000110000000000000010000000
00000000000000000000000000000000
10000000001000100001100100000000
00010100010000100000000000000000
00010100100001000000000000000000
00011000110001100000000000000000
00000000000000000000000000000000
01010000000001100000001000010011
00100000010000100000001110000000
00011000111001110000000000000000
00000000000000000000000000000000
01010000000001110000001000010010
00000000000000000000000000000000
01011000000000000000000000000000
01010100000000000000000000000000
00000000000000000000000000000000
00111100001000000000000000000011
00110100010000000000000000000000
00111100011000000000000000000001
00100000011000110011010001010000
00110100100000000000000000000000
00111000101000000000000000000110
00111000110000000000000000010000
00000000000000000000000000000000
10001100001000100001100100000000
00010100010000100000000000000000
00010100100001000000000000000000
00011000110001100000000000000000
00000000000000000000000000000000
01010000000001100000001000101001
00011000101001010000000000000000
00110100100000000000000000000000
00100000011000110000000100000000
00000000000000000000000000000000
01010000000001010000001000101000
00000000000000000000000000000000
00100000010000000000001011100000
00110100100000000000000000000000
00111100001000000000000000000001
00111100011000000000000000000001
00111000111000000000000000000011
00111000110000000000000010000000
00000000000000000000000000000000
10000000001000100001100100000000
00010100010000100000000000000000
00010100100001000000000000000000
00011000110001100000000000000000
00000000000000000000000000000000
01010000000001100000001000111100
00100000010000100000001110000000
00011000111001110000000000000000
00000000000000000000000000000000
01010000000001110000001000111011
00000000000000000000000000000000
01011000000000000000000000000000
01010100000000000000000000000000
00000000000000000000000000000000
00111100001000000000000000000011
00110100010000000000000000000000
00111100011000000000000000000001
00100000011000110011010001100000
00110100100000000000000000000000
00111000101000000000000000000110
00111000110000000000000000010000
00000000000000000000000000000000
10001100001000100001100100000000
00010100010000100000000000000000
00010100100001000000000000000000
00011000110001100000000000000000
00000000000000000000000000000000
01010000000001100000001001010010
00011000101001010000000000000000
00110100100000000000000000000000
00100000011000110000000100000000
00000000000000000000000000000000
01010000000001010000001001010001
00000000000000000000000000000000
00100000010000000000001100100000
00110100100000000000000000000000
00111100001000000000000000000001
00111100011000000000000000000001
00111000111000000000000000000011
00111000110000000000000010000000
00000000000000000000000000000000
10000000001000100001100100000000
00010100010000100000000000000000
00010100100001000000000000000000
00011000110001100000000000000000
00000000000000000000000000000000
01010000000001100000001001100101
00100000010000100000001110000000
00011000111001110000000000000000
00000000000000000000000000000000
01010000000001110000001001100100
00000000000000000000000000000000
01011000000000000000000000000000
01010100000000000000000000000000
00000000000000000000000000000000
00111100001000000000000000000011
00110100010000000000000000000000
00111100011000000000000000000001
00100000011000110011010001110000
00110100100000000000000000000000
00111000101000000000000000000110
00111000110000000000000000010000
00000000000000000000000000000000
10001100001000100001100100000000
00010100010000100000000000000000
00010100100001000000000000000000
00011000110001100000000000000000
00000000000000000000000000000000
01010000000001100000001001111011
00011000101001010000000000000000
00110100100000000000000000000000
00100000011000110000000100000000
00000000000000000000000000000000
01010000000001010000001001111010
00000000000000000000000000000000
00100000010000000000001101100000
00110100100000000000000000000000
00111100001000000000000000000001
00111100011000000000000000000001
00111000111000000000000000000011
00111000110000000000000010000000
00000000000000000000000000000000
10000000001000100001100100000000
00010100010000100000000000000000
00010100100001000000000000000000
00011000110001100000000000000000
00000000000000000000000000000000
01010000000001100000001010001110
00100000010000100000001110000000
00011000111001110000000000000000
00000000000000000000000000000000
01010000000001110000001010001101
00000000000000000000000000000000
01011000000000000000000000000000
01010100000000000000000000000000
00000000000000000000000000000000
00111100001000000000000000000011
00110100010000000000000000000000
00111100011000000000000000000001
00100000011000110011010010000000
00110100100000000000000000000000
00111000101000000000000000000110
00111000110000000000000000010000
00000000000000000000000000000000
10001100001000100001100100000000
00010100010000100000000000000000
00010100100001000000000000000000
00011000110001100000000000000000
00000000000000000000000000000000
01010000000001100000001010100100
00011000101001010000000000000000
00110100100000000000000000000000
00100000011000110000000100000000
00000000000000000000000000000000
01010000000001010000001010100011
00000000000000000000000000000000
00100000010000000000001110100000
00110100100000000000000000000000
00111100001000000000000000000001
00111100011000000000000000000001
00111000111000000000000000000011
00111000110000000000000001100000
00000000000000000000000000000000
10000000001000100001100100000000
00010100010000100000000000000000
00010100100001000000000000000000
00011000110001100000000000000000
00000000000000000000000000000000
01010000000001100000001010110111
00100000010000100000001110000000
00011000111001110000000000000000
00000000000000000000000000000000
01010000000001110000001010110110
00000000000000000000000000000000
00110100001000000000000000000000
00111000010000000000001110011001
00111100011000000000000000000101
00111000100000000000000011101010
00111000110000000000000011011010
00000000000000000000000000000000
10000000001000100001100100000000
00010100010000100000000000000000
00010100100001000000000000000000
00011000110001100000000000000000
00000000000000000000000000000000
01010000000001100000001011001000
00000000000000000000000000000000
01011000000000000000000000000000
01010100000000000000000000000000
00000000000000000000000000000000
00111100001000000000000000000011
00110100010000000000000000000000
00111100011000000000000000000001
00100000011000110011010010010000
00110100100000000000000000000000
00111000101000000000000000000110
00111000110000000000000000010000
00000000000000000000000000000000
10001100001000100001100100000000
00010100010000100000000000000000
00010100100001000000000000000000
00011000110001100000000000000000
00000000000000000000000000000000
01010000000001100000001011011010
00011000101001010000000000000000
00110100100000000000000000000000
00100000011000110000000100000000
00000000000000000000000000000000
01010000000001010000001011011001
00000000000000000000000000000000
01100000000000000000000000000000
00111100001000000000000000000001
00100000001000010011001110100000
00110100010000000000000000000000
00110100011000000000000000000000
00110100100000000000000000000000
00111000101000000000000000000110
00111000110000000000000100000000
00000000000000000000000000000000
10000100001000100001100100000000
00010100010000100000000000000000
00010100100001000000000000000000
00011000110001100000000000000000
00000000000000000000000000000000
01010000000001100000001011101110
00011000101001010000000000000000
00110100100000000000000000000000
00100000011000110000000100000000
00000000000000000000000000000000
01010000000001010000001011101101
00000000000000000000000000000000
01100000000000000000000000000000
00000000000000000000000000000000
00000000000000000000000000000000
00110100001000000000000000000000
00110100010000000000000000000000
00110100011000000000000000000000
00110100100000000000000000000000
00110100101000000000000000000000
00110100110000000000000000000000
00110100111000000000000000000000
00110101000000000000000000000000
00110101001000000000000000000000
00110101010000000000000000000000
00110101011000000000000000000000
00110101100000000000000000000000
00110101101000000000000000000000
00110101110000000000000000000000
00110101111000000000000000000000
00110110000000000000000000000000
00110110001000000000000000000000
00110110010000000000000000000000
00110110011000000000000000000000
00110110100000000000000000000000
00110110101000000000000000000000
00110110110000000000000000000000
00110110111000000000000000000000
00110111000000000000000000000000
00110111001000000000000000000000
00110111010000000000000000000000
00110111011000000000000000000000
00110111100000000000000000000000
00110111101000000000000000000000
00110111110000000000000000000000
00110111111000000000000000000000
01011100000000000000000000000000
