11111111111111111111111111111111111111111111111111111111111111110000000000001000000000000000000000000000000000000000000000000000000000000000000000000000000000000000000010000000000110000000000000000000000000000000
11111111111111111111111111111111111111111111111111111111111111110000000000001000000000100000000010000000000000000000000000000000000000000000000000000000000000000000000010000000000111000000000000000000000000000000
11111111111111111111111111111111111111111111111111111111111111110000000000001000000001000000000100000000000000000000000000000000000000000000000000000000000000000000000010000000000111000000000000000000000000000000
11111111111111111111111111111111111111111111111111111111111111110000000000001000000001100000000110000000000000000000000000000000000000000000000000000000000000000000000010000000000111000000000000000000000000000000
11111111111111111111111111111111111111111111111111111111111111110000000000001000000010000000001000000000000000000000000000000000000000000000000000000000000000000000000010000000000111000000000000000000000000000000
11111111111111111111111111111111111111111111111111111111111111110000000000001000000010100000001010000000000000000000000000000000000000000000000000000000000000000000000010000000000111000000000000000000000000000000
11111111111111111111111111111111111111111111111111111111111111110000000000001000000011000000001100000000000000000000000000000000000000000000000000000000000000000000000010000000000111000000000000000000000000000000
11111111111111111111111111111111111111111111111111111111111111110000000000001000000011100000001110000000000000000000000000000000000000000000000000000000000000000000000010000000000111000000000000000000000000000000
11111111111111111111111111111111111111111111111111111111111111110000000000001000000100000000010000000000000000000000000000000000000000000000000000000000000000000000000010000000000111000000000000000000000000000000
11111111111111111111111111111111111111111111111111111111111111110000000000001000000100100000010010000000000000000000000000000000000000000000000000000000000000000000000010000000000111000000000000000000000000000000
11111111111111111111111111111111111111111111111111111111111111110000000000001000000101000000010100000000000000000000000000000000000000000000000000000000000000000000000010000000000111000000000000000000000000000000
11111111111111111111111111111111111111111111111111111111111111110000000000001000000101100000010110000000000000000000000000000000000000000000000000000000000000000000000010000000000111000000000000000000000000000000
11111111111111111111111111111111111111111111111111111111111111110000000000001000000110000000011000000000000000000000000000000000000000000000000000000000000000000000000010000000000111000000000000000000000000000000
11111111111111111111111111111111111111111111111111111111111111110000000000001000000110100000011010000000000000000000000000000000000000000000000000000000000000000000000010000000000111000000000000000000000000000000
11111111111111111111111111111111111111111111111111111111111111110000000000001000000111000000011100000000000000000000000000000000000000000000000000000000000000000000000010000000000111000000000000000000000000000000
11111111111111111111111111111111111111111111111111111111111111110000000000001000000111100000011110000000000000000000000000000000000000000000000000000000000000000000000010000000000111000000000000000000000000000000
11111111111111111111111111111111111111111111111111111111111111110000000000001000001000000000100000000000000000000000000000000000000000000000000000000000000000000000000010000000000111000000000000000000000000000000
11111111111111111111111111111111111111111111111111111111111111110000000000001000001000100000100010000000000000000000000000000000000000000000000000000000000000000000000010000000000111000000000000000000000000000000
11111111111111111111111111111111111111111111111111111111111111110000000000001000001001000000100100000000000000000000000000000000000000000000000000000000000000000000000010000000000111000000000000000000000000000000
11111111111111111111111111111111111111111111111111111111111111110000000000001000001001100000100110000000000000000000000000000000000000000000000000000000000000000000000010000000000111000000000000000000000000000000
11111111111111111111111111111111111111111111111111111111111111110000000000001000001010000000101000000000000000000000000000000000000000000000000000000000000000000000000010000000000111000000000000000000000000000000
11111111111111111111111111111111111111111111111111111111111111110000000000001000001010100000101010000000000000000000000000000000000000000000000000000000000000000000000010000000000111000000000000000000000000000000
11111111111111111111111111111111111111111111111111111111111111110000000000001000001011000000101100000000000000000000000000000000000000000000000000000000000000000000000010000000000111000000000000000000000000000000
11111111111111111111111111111111111111111111111111111111111111110000000000001000001011100000101110000000000000000000000000000000000000000000000000000000000000000000000010000000000111000000000000000000000000110000
11111111111111111111111111111111111111111111111111111111111111110000000000001000000000000000110000000000000000000000000000000000000000000000000000000000000000000000000010000000000110000000000000000000000000000000
11111111111111111111111111111111111111111111111111111111111111110000000000001000000000100000110010000000000000000000000000000000000000000000000000000000000000000000000010000000000111000000000000000000000000000000
11111111111111111111111111111111111111111111111111111111111111110000000000001000000001000000110100000000000000000000000000000000000000000000000000000000000000000000000010000000000111000000000000000000000000000000
11111111111111111111111111111111111111111111111111111111111111110000000000001000000001100000110110000000000000000000000000000000000000000000000000000000000000000000000010000000000111000000000000000000000000000000
11111111111111111111111111111111111111111111111111111111111111110000000000001000000010000000111000000000000000000000000000000000000000000000000000000000000000000000000010000000000111000000000000000000000000000000
11111111111111111111111111111111111111111111111111111111111111110000000000001000000010100000111010000000000000000000000000000000000000000000000000000000000000000000000010000000000111000000000000000000000000000000
11111111111111111111111111111111111111111111111111111111111111110000000000001000000011000000111100000000000000000000000000000000000000000000000000000000000000000000000010000000000111000000000000000000000000000000
11111111111111111111111111111111111111111111111111111111111111110000000000001000000011100000111110000000000000000000000000000000000000000000000000000000000000000000000010000000000111000000000000000000000000000000
11111111111111111111111111111111111111111111111111111111111111110000000000001000000100000001000000000000000000000000000000000000000000000000000000000000000000000000000010000000000111000000000000000000000000000000
11111111111111111111111111111111111111111111111111111111111111110000000000001000000100100001000010000000000000000000000000000000000000000000000000000000000000000000000010000000000111000000000000000000000000000000
11111111111111111111111111111111111111111111111111111111111111110000000000001000000101000001000100000000000000000000000000000000000000000000000000000000000000000000000010000000000111000000000000000000000000000000
11111111111111111111111111111111111111111111111111111111111111110000000000001000000101100001000110000000000000000000000000000000000000000000000000000000000000000000000010000000000111000000000000000000000000000000
11111111111111111111111111111111111111111111111111111111111111110000000000001000000110000001001000000000000000000000000000000000000000000000000000000000000000000000000010000000000111000000000000000000000000000000
11111111111111111111111111111111111111111111111111111111111111110000000000001000000110100001001010000000000000000000000000000000000000000000000000000000000000000000000010000000000111000000000000000000000000000000
11111111111111111111111111111111111111111111111111111111111111110000000000001000000111000001001100000000000000000000000000000000000000000000000000000000000000000000000010000000000111000000000000000000000000000000
11111111111111111111111111111111111111111111111111111111111111110000000000001000000111100001001110000000000000000000000000000000000000000000000000000000000000000000000010000000000111000000000000000000000000000000
11111111111111111111111111111111111111111111111111111111111111110000000000001000001000000001010000000000000000000000000000000000000000000000000000000000000000000000000010000000000111000000000000000000000000000000
11111111111111111111111111111111111111111111111111111111111111110000000000001000001000100001010010000000000000000000000000000000000000000000000000000000000000000000000010000000000111000000000000000000000000000000
11111111111111111111111111111111111111111111111111111111111111110000000000001000001001000001010100000000000000000000000000000000000000000000000000000000000000000000000010000000000111000000000000000000000000000000
11111111111111111111111111111111111111111111111111111111111111110000000000001000001001100001010110000000000000000000000000000000000000000000000000000000000000000000000010000000000111000000000000000000000000000000
11111111111111111111111111111111111111111111111111111111111111110000000000001000001010000001011000000000000000000000000000000000000000000000000000000000000000000000000010000000000111000000000000000000000000000000
11111111111111111111111111111111111111111111111111111111111111110000000000001000001010100001011010000000000000000000000000000000000000000000000000000000000000000000000010000000000111000000000000000000000000000000
11111111111111111111111111111111111111111111111111111111111111110000000000001000001011000001011100000000000000000000000000000000000000000000000000000000000000000000000010000000000111000000000000000000000000000000
11111111111111111111111111111111111111111111111111111111111111110000000000001000001011100001011110000000000000000000000000000000000000000000000000000000000010000000000010000000000111000000000000000000000000110000
11111111111111111111111111111111111111111111111111111111111111110000000000001000000000000001100000000000000000000000000000000000000000000000000000000000000000000000000010000000000110000000000000000000000000000000
11111111111111111111111111111111111111111111111111111111111111110000000000001000000000100001100010000000000000000000000000000000000000000000000000000000000000000000000010000000000111000000000000000000000000000000
11111111111111111111111111111111111111111111111111111111111111110000000000001000000001000001100100000000000000000000000000000000000000000000000000000000000000000000000010000000000111000000000000000000000000000000
11111111111111111111111111111111111111111111111111111111111111110000000000001000000001100001100110000000000000000000000000000000000000000000000000000000000000000000000010000000000111000000000000000000000000000000
11111111111111111111111111111111111111111111111111111111111111110000000000001000000010000001101000000000000000000000000000000000000000000000000000000000000000000000000010000000000111000000000000000000000000000000
11111111111111111111111111111111111111111111111111111111111111110000000000001000000010100001101010000000000000000000000000000000000000000000000000000000000000000000000010000000000111000000000000000000000000000000
11111111111111111111111111111111111111111111111111111111111111110000000000001000000011000001101100000000000000000000000000000000000000000000000000000000000000000000000010000000000111000000000000000000000000000000
11111111111111111111111111111111111111111111111111111111111111110000000000001000000011100001101110000000000000000000000000000000000000000000000000000000000000000000000010000000000111000000000000000000000000000000
11111111111111111111111111111111111111111111111111111111111111110000000000001000000100000001110000000000000000000000000000000000000000000000000000000000000000000000000010000000000111000000000000000000000000000000
11111111111111111111111111111111111111111111111111111111111111110000000000001000000100100001110010000000000000000000000000000000000000000000000000000000000000000000000010000000000111000000000000000000000000000000
11111111111111111111111111111111111111111111111111111111111111110000000000001000000101000001110100000000000000000000000000000000000000000000000000000000000000000000000010000000000111000000000000000000000000000000
11111111111111111111111111111111111111111111111111111111111111110000000000001000000101100001110110000000000000000000000000000000000000000000000000000000000000000000000010000000000111000000000000000000000000000000
11111111111111111111111111111111111111111111111111111111111111110000000000001000000110000001111000000000000000000000000000000000000000000000000000000000000000000000000010000000000111000000000000000000000000000000
11111111111111111111111111111111111111111111111111111111111111110000000000001000000110100001111010000000000000000000000000000000000000000000000000000000000000000000000010000000000111000000000000000000000000000000
11111111111111111111111111111111111111111111111111111111111111110000000000001000000111000001111100000000000000000000000000000000000000000000000000000000000000000000000010000000000111000000000000000000000000000000
11111111111111111111111111111111111111111111111111111111111111110000000000001000000111100001111110000000000000000000000000000000000000000000000000000000000000000000000010000000000111000000000000000000000000000000
11111111111111111111111111111111111111111111111111111111111111110000000000001000001000000010000000000000000000000000000000000000000000000000000000000000000000000000000010000000000111000000000000000000000000000000
11111111111111111111111111111111111111111111111111111111111111110000000000001000001000100010000010000000000000000000000000000000000000000000000000000000000000000000000010000000000111000000000000000000000000000000
11111111111111111111111111111111111111111111111111111111111111110000000000001000001001000010000100000000000000000000000000000000000000000000000000000000000000000000000010000000000111000000000000000000000000000000
11111111111111111111111111111111111111111111111111111111111111110000000000001000001001100010000110000000000000000000000000000000000000000000000000000000000000000000000010000000000111000000000000000000000000000000
11111111111111111111111111111111111111111111111111111111111111110000000000001000001010000010001000000000000000000000000000000000000000000000000000000000000000000000000010000000000111000000000000000000000000000000
11111111111111111111111111111111111111111111111111111111111111110000000000001000001010100010001010000000000000000000000000000000000000000000000000000000000000000000000010000000000111000000000000000000000000000000
11111111111111111111111111111111111111111111111111111111111111110000000000001000001011000010001100000000000000000000000000000000000000000000000000000000000000000000000010000000000111000000000000000000000000000000
11111111111111111111111111111111111111111111111111111111111111110000000000001000001011100010001110000000000000000000000000000000000000000000000000000000000100000000000010000000000111000000000000000000000000110000
11111111111111111111111111111111111111111111111111111111111111110000000000001000000000000010010000000000000000000000000000000000000000000000000000000000000000000000000010000000000110000000000000000000000000000000
11111111111111111111111111111111111111111111111111111111111111110000000000001000000000100010010010000000000000000000000000000000000000000000000000000000000000000000000010000000000111000000000000000000000000000000
11111111111111111111111111111111111111111111111111111111111111110000000000001000000001000010010100000000000000000000000000000000000000000000000000000000000000000000000010000000000111000000000000000000000000000000
11111111111111111111111111111111111111111111111111111111111111110000000000001000000001100010010110000000000000000000000000000000000000000000000000000000000000000000000010000000000111000000000000000000000000000000
11111111111111111111111111111111111111111111111111111111111111110000000000001000000010000010011000000000000000000000000000000000000000000000000000000000000000000000000010000000000111000000000000000000000000000000
11111111111111111111111111111111111111111111111111111111111111110000000000001000000010100010011010000000000000000000000000000000000000000000000000000000000000000000000010000000000111000000000000000000000000000000
11111111111111111111111111111111111111111111111111111111111111110000000000001000000011000010011100000000000000000000000000000000000000000000000000000000000000000000000010000000000111000000000000000000000000000000
11111111111111111111111111111111111111111111111111111111111111110000000000001000000011100010011110000000000000000000000000000000000000000000000000000000000000000000000010000000000111000000000000000000000000000000
11111111111111111111111111111111111111111111111111111111111111110000000000001000000100000010100000000000000000000000000000000000000000000000000000000000000000000000000010000000000111000000000000000000000000000000
11111111111111111111111111111111111111111111111111111111111111110000000000001000000100100010100010000000000000000000000000000000000000000000000000000000000000000000000010000000000111000000000000000000000000000000
11111111111111111111111111111111111111111111111111111111111111110000000000001000000101000010100100000000000000000000000000000000000000000000000000000000000000000000000010000000000111000000000000000000000000000000
11111111111111111111111111111111111111111111111111111111111111110000000000001000000101100010100110000000000000000000000000000000000000000000000000000000000000000000000010000000000111000000000000000000000000000000
11111111111111111111111111111111111111111111111111111111111111110000000000001000000110000010101000000000000000000000000000000000000000000000000000000000000000000000000010000000000111000000000000000000000000000000
11111111111111111111111111111111111111111111111111111111111111110000000000001000000110100010101010000000000000000000000000000000000000000000000000000000000000000000000010000000000111000000000000000000000000000000
11111111111111111111111111111111111111111111111111111111111111110000000000001000000111000010101100000000000000000000000000000000000000000000000000000000000000000000000010000000000111000000000000000000000000000000
11111111111111111111111111111111111111111111111111111111111111110000000000001000000111100010101110000000000000000000000000000000000000000000000000000000000000000000000010000000000111000000000000000000000000000000
11111111111111111111111111111111111111111111111111111111111111110000000000001000001000000010110000000000000000000000000000000000000000000000000000000000000000000000000010000000000111000000000000000000000000000000
11111111111111111111111111111111111111111111111111111111111111110000000000001000001000100010110010000000000000000000000000000000000000000000000000000000000000000000000010000000000111000000000000000000000000000000
11111111111111111111111111111111111111111111111111111111111111110000000000001000001001000010110100000000000000000000000000000000000000000000000000000000000000000000000010000000000111000000000000000000000000000000
11111111111111111111111111111111111111111111111111111111111111110000000000001000001001100010110110000000000000000000000000000000000000000000000000000000000000000000000010000000000111000000000000000000000000000000
11111111111111111111111111111111111111111111111111111111111111110000000000001000001010000010111000000000000000000000000000000000000000000000000000000000000000000000000010000000000111000000000000000000000000000000
11111111111111111111111111111111111111111111111111111111111111110000000000001000001010100010111010000000000000000000000000000000000000000000000000000000000000000000000010000000000111000000000000000000000000000000
11111111111111111111111111111111111111111111111111111111111111110000000000001000001011000010111100000000000000000000000000000000000000000000000000000000000000000000000010000000000111000000000000000000000000000000
11111111111111111111111111111111111111111111111111111111111111110000000000001000001011100010111110000000000000000000000000000000000000000000000000000000000110000000000010000000000111000000000000000000000000110000
11111111111111111111111111111111111111111111111111111111111111110000000000001000000000000011000000000000000000000000000000000000000000000000000000000000000000000000000010000000000110000000000000000000000000000000
11111111111111111111111111111111111111111111111111111111111111110000000000001000000000100011000010000000000000000000000000000000000000000000000000000000000000000000000010000000000111000000000000000000000000000000
11111111111111111111111111111111111111111111111111111111111111110000000000001000000001000011000100000000000000000000000000000000000000000000000000000000000000000000000010000000000111000000000000000000000000000000
11111111111111111111111111111111111111111111111111111111111111110000000000001000000001100011000110000000000000000000000000000000000000000000000000000000000000000000000010000000000111000000000000000000000000000000
11111111111111111111111111111111111111111111111111111111111111110000000000001000000010000011001000000000000000000000000000000000000000000000000000000000000000000000000010000000000111000000000000000000000000000000
11111111111111111111111111111111111111111111111111111111111111110000000000001000000010100011001010000000000000000000000000000000000000000000000000000000000000000000000010000000000111000000000000000000000000000000
11111111111111111111111111111111111111111111111111111111111111110000000000001000000011000011001100000000000000000000000000000000000000000000000000000000000000000000000010000000000111000000000000000000000000000000
11111111111111111111111111111111111111111111111111111111111111110000000000001000000011100011001110000000000000000000000000000000000000000000000000000000000000000000000010000000000111000000000000000000000000000000
11111111111111111111111111111111111111111111111111111111111111110000000000001000000100000011010000000000000000000000000000000000000000000000000000000000000000000000000010000000000111000000000000000000000000000000
11111111111111111111111111111111111111111111111111111111111111110000000000001000000100100011010010000000000000000000000000000000000000000000000000000000000000000000000010000000000111000000000000000000000000000000
11111111111111111111111111111111111111111111111111111111111111110000000000001000000101000011010100000000000000000000000000000000000000000000000000000000000000000000000010000000000111000000000000000000000000000000
11111111111111111111111111111111111111111111111111111111111111110000000000001000000101100011010110000000000000000000000000000000000000000000000000000000000000000000000010000000000111000000000000000000000000000000
11111111111111111111111111111111111111111111111111111111111111110000000000001000000110000011011000000000000000000000000000000000000000000000000000000000000000000000000010000000000111000000000000000000000000000000
11111111111111111111111111111111111111111111111111111111111111110000000000001000000110100011011010000000000000000000000000000000000000000000000000000000000000000000000010000000000111000000000000000000000000000000
11111111111111111111111111111111111111111111111111111111111111110000000000001000000111000011011100000000000000000000000000000000000000000000000000000000000000000000000010000000000111000000000000000000000000000000
11111111111111111111111111111111111111111111111111111111111111110000000000001000000111100011011110000000000000000000000000000000000000000000000000000000000000000000000010000000000111000000000000000000000000000000
11111111111111111111111111111111111111111111111111111111111111110000000000001000001000000011100000000000000000000000000000000000000000000000000000000000000000000000000010000000000111000000000000000000000000000000
11111111111111111111111111111111111111111111111111111111111111110000000000001000001000100011100010000000000000000000000000000000000000000000000000000000000000000000000010000000000111000000000000000000000000000000
11111111111111111111111111111111111111111111111111111111111111110000000000001000001001000011100100000000000000000000000000000000000000000000000000000000000000000000000010000000000111000000000000000000000000000000
11111111111111111111111111111111111111111111111111111111111111110000000000001000001001100011100110000000000000000000000000000000000000000000000000000000000000000000000010000000000111000000000000000000000000000000
11111111111111111111111111111111111111111111111111111111111111110000000000001000001010000011101000000000000000000000000000000000000000000000000000000000000000000000000010000000000111000000000000000000000000000000
11111111111111111111111111111111111111111111111111111111111111110000000000001000001010100011101010000000000000000000000000000000000000000000000000000000000000000000000010000000000111000000000000000000000000000000
11111111111111111111111111111111111111111111111111111111111111110000000000001000001011000011101100000000000000000000000000000000000000000000000000000000000000000000000010000000000111000000000000000000000000000000
11111111111111111111111111111111111111111111111111111111111111110000000000001000001011100011101110000000000000000000000000000000000000000000000000000000001000000000000010000000000111000000000000000000000000110000
11111111111111111111111111111111111111111111111111111111111111110000000000001000000000000011110000000000000000000000000000000000000000000000000000000000000000000000000010000000000110000000000000000000000000000000
11111111111111111111111111111111111111111111111111111111111111110000000000001000000000100011110010000000000000000000000000000000000000000000000000000000000000000000000010000000000111000000000000000000000000000000
11111111111111111111111111111111111111111111111111111111111111110000000000001000000001000011110100000000000000000000000000000000000000000000000000000000000000000000000010000000000111000000000000000000000000000000
11111111111111111111111111111111111111111111111111111111111111110000000000001000000001100011110110000000000000000000000000000000000000000000000000000000000000000000000010000000000111000000000000000000000000000000
11111111111111111111111111111111111111111111111111111111111111110000000000001000000010000011111000000000000000000000000000000000000000000000000000000000000000000000000010000000000111000000000000000000000000000000
11111111111111111111111111111111111111111111111111111111111111110000000000001000000010100011111010000000000000000000000000000000000000000000000000000000000000000000000010000000000111000000000000000000000000000000
11111111111111111111111111111111111111111111111111111111111111110000000000001000000011000011111100000000000000000000000000000000000000000000000000000000000000000000000010000000000111000000000000000000000000000000
11111111111111111111111111111111111111111111111111111111111111110000000000001000000011100011111110000000000000000000000000000000000000000000000000000000000000000000000010000000000111000000000000000000000000000000
11111111111111111111111111111111111111111111111111111111111111110000000000001000000100000100000000000000000000000000000000000000000000000000000000000000000000000000000010000000000111000000000000000000000000000000
11111111111111111111111111111111111111111111111111111111111111110000000000001000000100100100000010000000000000000000000000000000000000000000000000000000000000000000000010000000000111000000000000000000000000000000
11111111111111111111111111111111111111111111111111111111111111110000000000001000000101000100000100000000000000000000000000000000000000000000000000000000000000000000000010000000000111000000000000000000000000000000
11111111111111111111111111111111111111111111111111111111111111110000000000001000000101100100000110000000000000000000000000000000000000000000000000000000000000000000000010000000000111000000000000000000000000000000
11111111111111111111111111111111111111111111111111111111111111110000000000001000000110000100001000000000000000000000000000000000000000000000000000000000000000000000000010000000000111000000000000000000000000000000
11111111111111111111111111111111111111111111111111111111111111110000000000001000000110100100001010000000000000000000000000000000000000000000000000000000000000000000000010000000000111000000000000000000000000000000
11111111111111111111111111111111111111111111111111111111111111110000000000001000000111000100001100000000000000000000000000000000000000000000000000000000000000000000000010000000000111000000000000000000000000000000
11111111111111111111111111111111111111111111111111111111111111110000000000001000000111100100001110000000000000000000000000000000000000000000000000000000000000000000000010000000000111000000000000000000000000000000
11111111111111111111111111111111111111111111111111111111111111110000000000001000001000000100010000000000000000000000000000000000000000000000000000000000000000000000000010000000000111000000000000000000000000000000
11111111111111111111111111111111111111111111111111111111111111110000000000001000001000100100010010000000000000000000000000000000000000000000000000000000000000000000000010000000000111000000000000000000000000000000
11111111111111111111111111111111111111111111111111111111111111110000000000001000001001000100010100000000000000000000000000000000000000000000000000000000000000000000000010000000000111000000000000000000000000000000
11111111111111111111111111111111111111111111111111111111111111110000000000001000001001100100010110000000000000000000000000000000000000000000000000000000000000000000000010000000000111000000000000000000000000000000
11111111111111111111111111111111111111111111111111111111111111110000000000001000001010000100011000000000000000000000000000000000000000000000000000000000000000000000000010000000000111000000000000000000000000000000
11111111111111111111111111111111111111111111111111111111111111110000000000001000001010100100011010000000000000000000000000000000000000000000000000000000000000000000000010000000000111000000000000000000000000000000
11111111111111111111111111111111111111111111111111111111111111110000000000001000001011000100011100000000000000000000000000000000000000000000000000000000000000000000000010000000000111000000000000000000000000000000
11111111111111111111111111111111111111111111111111111111111111110000000000001000001011100100011110000000000000000000000000000000000000000000000000000000001010000000000010000000000111000000000000000000000000110000
11111111111111111111111111111111111111111111111111111111111111110000000000001000000000000100100000000000000000000000000000000000000000000000000000000000000000000000000010000000000110000000000000000000000000000000
11111111111111111111111111111111111111111111111111111111111111110000000000001000000000100100100010000000000000000000000000000000000000000000000000000000000000000000000010000000000111000000000000000000000000000000
11111111111111111111111111111111111111111111111111111111111111110000000000001000000001000100100100000000000000000000000000000000000000000000000000000000000000000000000010000000000111000000000000000000000000000000
11111111111111111111111111111111111111111111111111111111111111110000000000001000000001100100100110000000000000000000000000000000000000000000000000000000000000000000000010000000000111000000000000000000000000000000
11111111111111111111111111111111111111111111111111111111111111110000000000001000000010000100101000000000000000000000000000000000000000000000000000000000000000000000000010000000000111000000000000000000000000000000
11111111111111111111111111111111111111111111111111111111111111110000000000001000000010100100101010000000000000000000000000000000000000000000000000000000000000000000000010000000000111000000000000000000000000000000
11111111111111111111111111111111111111111111111111111111111111110000000000001000000011000100101100000000000000000000000000000000000000000000000000000000000000000000000010000000000111000000000000000000000000000000
11111111111111111111111111111111111111111111111111111111111111110000000000001000000011100100101110000000000000000000000000000000000000000000000000000000000000000000000010000000000111000000000000000000000000000000
11111111111111111111111111111111111111111111111111111111111111110000000000001000000100000100110000000000000000000000000000000000000000000000000000000000000000000000000010000000000111000000000000000000000000000000
11111111111111111111111111111111111111111111111111111111111111110000000000001000000100100100110010000000000000000000000000000000000000000000000000000000000000000000000010000000000111000000000000000000000000000000
11111111111111111111111111111111111111111111111111111111111111110000000000001000000101000100110100000000000000000000000000000000000000000000000000000000000000000000000010000000000111000000000000000000000000000000
11111111111111111111111111111111111111111111111111111111111111110000000000001000000101100100110110000000000000000000000000000000000000000000000000000000000000000000000010000000000111000000000000000000000000000000
11111111111111111111111111111111111111111111111111111111111111110000000000001000000110000100111000000000000000000000000000000000000000000000000000000000000000000000000010000000000111000000000000000000000000000000
11111111111111111111111111111111111111111111111111111111111111110000000000001000000110100100111010000000000000000000000000000000000000000000000000000000000000000000000010000000000111000000000000000000000000000000
11111111111111111111111111111111111111111111111111111111111111110000000000001000000111000100111100000000000000000000000000000000000000000000000000000000000000000000000010000000000111000000000000000000000000000000
11111111111111111111111111111111111111111111111111111111111111110000000000001000000111100100111110000000000000000000000000000000000000000000000000000000000000000000000010000000000111000000000000000000000000000000
11111111111111111111111111111111111111111111111111111111111111110000000000001000001000000101000000000000000000000000000000000000000000000000000000000000000000000000000010000000000111000000000000000000000000000000
11111111111111111111111111111111111111111111111111111111111111110000000000001000001000100101000010000000000000000000000000000000000000000000000000000000000000000000000010000000000111000000000000000000000000000000
11111111111111111111111111111111111111111111111111111111111111110000000000001000001001000101000100000000000000000000000000000000000000000000000000000000000000000000000010000000000111000000000000000000000000000000
11111111111111111111111111111111111111111111111111111111111111110000000000001000001001100101000110000000000000000000000000000000000000000000000000000000000000000000000010000000000111000000000000000000000000000000
11111111111111111111111111111111111111111111111111111111111111110000000000001000001010000101001000000000000000000000000000000000000000000000000000000000000000000000000010000000000111000000000000000000000000000000
11111111111111111111111111111111111111111111111111111111111111110000000000001000001010100101001010000000000000000000000000000000000000000000000000000000000000000000000010000000000111000000000000000000000000000000
11111111111111111111111111111111111111111111111111111111111111110000000000001000001011000101001100000000000000000000000000000000000000000000000000000000000000000000000010000000000111000000000000000000000000000000
11111111111111111111111111111111111111111111111111111111111111110000000000001000001011100101001110000000000000000000000000000000000000000000000000000000001100000000000010000000000111000000000000000000000000110000
11111111111111111111111111111111111111111111111111111111111111110000000000001000000000000101010000000000000000000000000000000000000000000000000000000000000000000000000010000000000110000000000000000000000000000000
11111111111111111111111111111111111111111111111111111111111111110000000000001000000000100101010010000000000000000000000000000000000000000000000000000000000000000000000010000000000111000000000000000000000000000000
11111111111111111111111111111111111111111111111111111111111111110000000000001000000001000101010100000000000000000000000000000000000000000000000000000000000000000000000010000000000111000000000000000000000000000000
11111111111111111111111111111111111111111111111111111111111111110000000000001000000001100101010110000000000000000000000000000000000000000000000000000000000000000000000010000000000111000000000000000000000000000000
11111111111111111111111111111111111111111111111111111111111111110000000000001000000010000101011000000000000000000000000000000000000000000000000000000000000000000000000010000000000111000000000000000000000000000000
11111111111111111111111111111111111111111111111111111111111111110000000000001000000010100101011010000000000000000000000000000000000000000000000000000000000000000000000010000000000111000000000000000000000000000000
11111111111111111111111111111111111111111111111111111111111111110000000000001000000011000101011100000000000000000000000000000000000000000000000000000000000000000000000010000000000111000000000000000000000000000000
11111111111111111111111111111111111111111111111111111111111111110000000000001000000011100101011110000000000000000000000000000000000000000000000000000000000000000000000010000000000111000000000000000000000000000000
11111111111111111111111111111111111111111111111111111111111111110000000000001000000100000101100000000000000000000000000000000000000000000000000000000000000000000000000010000000000111000000000000000000000000000000
11111111111111111111111111111111111111111111111111111111111111110000000000001000000100100101100010000000000000000000000000000000000000000000000000000000000000000000000010000000000111000000000000000000000000000000
11111111111111111111111111111111111111111111111111111111111111110000000000001000000101000101100100000000000000000000000000000000000000000000000000000000000000000000000010000000000111000000000000000000000000000000
11111111111111111111111111111111111111111111111111111111111111110000000000001000000101100101100110000000000000000000000000000000000000000000000000000000000000000000000010000000000111000000000000000000000000000000
11111111111111111111111111111111111111111111111111111111111111110000000000001000000110000101101000000000000000000000000000000000000000000000000000000000000000000000000010000000000111000000000000000000000000000000
11111111111111111111111111111111111111111111111111111111111111110000000000001000000110100101101010000000000000000000000000000000000000000000000000000000000000000000000010000000000111000000000000000000000000000000
11111111111111111111111111111111111111111111111111111111111111110000000000001000000111000101101100000000000000000000000000000000000000000000000000000000000000000000000010000000000111000000000000000000000000000000
11111111111111111111111111111111111111111111111111111111111111110000000000001000000111100101101110000000000000000000000000000000000000000000000000000000000000000000000010000000000111000000000000000000000000000000
11111111111111111111111111111111111111111111111111111111111111110000000000001000001000000101110000000000000000000000000000000000000000000000000000000000000000000000000010000000000111000000000000000000000000000000
11111111111111111111111111111111111111111111111111111111111111110000000000001000001000100101110010000000000000000000000000000000000000000000000000000000000000000000000010000000000111000000000000000000000000000000
11111111111111111111111111111111111111111111111111111111111111110000000000001000001001000101110100000000000000000000000000000000000000000000000000000000000000000000000010000000000111000000000000000000000000000000
11111111111111111111111111111111111111111111111111111111111111110000000000001000001001100101110110000000000000000000000000000000000000000000000000000000000000000000000010000000000111000000000000000000000000000000
11111111111111111111111111111111111111111111111111111111111111110000000000001000001010000101111000000000000000000000000000000000000000000000000000000000000000000000000010000000000111000000000000000000000000000000
11111111111111111111111111111111111111111111111111111111111111110000000000001000001010100101111010000000000000000000000000000000000000000000000000000000000000000000000010000000000111000000000000000000000000000000
11111111111111111111111111111111111111111111111111111111111111110000000000001000001011000101111100000000000000000000000000000000000000000000000000000000000000000000000010000000000111000000000000000000000000000000
11111111111111111111111111111111111111111111111111111111111111110000000000001000001011100101111110000000000000000000000000000000000000000000000000000000001110000000000010000000000111000000000000000000000000110000
11111111111111111111111111111111111111111111111111111111111111110000000000001000000000000110000000000000000000000000000000000000000000000000000000000000000000000000000010000000000110000000000000000000000000000000
11111111111111111111111111111111111111111111111111111111111111110000000000001000000000100110000010000000000000000000000000000000000000000000000000000000000000000000000010000000000111000000000000000000000000000000
11111111111111111111111111111111111111111111111111111111111111110000000000001000000001000110000100000000000000000000000000000000000000000000000000000000000000000000000010000000000111000000000000000000000000000000
11111111111111111111111111111111111111111111111111111111111111110000000000001000000001100110000110000000000000000000000000000000000000000000000000000000000000000000000010000000000111000000000000000000000000000000
11111111111111111111111111111111111111111111111111111111111111110000000000001000000010000110001000000000000000000000000000000000000000000000000000000000000000000000000010000000000111000000000000000000000000000000
11111111111111111111111111111111111111111111111111111111111111110000000000001000000010100110001010000000000000000000000000000000000000000000000000000000000000000000000010000000000111000000000000000000000000000000
11111111111111111111111111111111111111111111111111111111111111110000000000001000000011000110001100000000000000000000000000000000000000000000000000000000000000000000000010000000000111000000000000000000000000000000
11111111111111111111111111111111111111111111111111111111111111110000000000001000000011100110001110000000000000000000000000000000000000000000000000000000000000000000000010000000000111000000000000000000000000000000
11111111111111111111111111111111111111111111111111111111111111110000000000001000000100000110010000000000000000000000000000000000000000000000000000000000000000000000000010000000000111000000000000000000000000000000
11111111111111111111111111111111111111111111111111111111111111110000000000001000000100100110010010000000000000000000000000000000000000000000000000000000000000000000000010000000000111000000000000000000000000000000
11111111111111111111111111111111111111111111111111111111111111110000000000001000000101000110010100000000000000000000000000000000000000000000000000000000000000000000000010000000000111000000000000000000000000000000
11111111111111111111111111111111111111111111111111111111111111110000000000001000000101100110010110000000000000000000000000000000000000000000000000000000000000000000000010000000000111000000000000000000000000000000
11111111111111111111111111111111111111111111111111111111111111110000000000001000000110000110011000000000000000000000000000000000000000000000000000000000000000000000000010000000000111000000000000000000000000000000
11111111111111111111111111111111111111111111111111111111111111110000000000001000000110100110011010000000000000000000000000000000000000000000000000000000000000000000000010000000000111000000000000000000000000000000
11111111111111111111111111111111111111111111111111111111111111110000000000001000000111000110011100000000000000000000000000000000000000000000000000000000000000000000000010000000000111000000000000000000000000000000
11111111111111111111111111111111111111111111111111111111111111110000000000001000000111100110011110000000000000000000000000000000000000000000000000000000000000000000000010000000000111000000000000000000000000000000
11111111111111111111111111111111111111111111111111111111111111110000000000001000001000000110100000000000000000000000000000000000000000000000000000000000000000000000000010000000000111000000000000000000000000000000
11111111111111111111111111111111111111111111111111111111111111110000000000001000001000100110100010000000000000000000000000000000000000000000000000000000000000000000000010000000000111000000000000000000000000000000
11111111111111111111111111111111111111111111111111111111111111110000000000001000001001000110100100000000000000000000000000000000000000000000000000000000000000000000000010000000000111000000000000000000000000000000
11111111111111111111111111111111111111111111111111111111111111110000000000001000001001100110100110000000000000000000000000000000000000000000000000000000000000000000000010000000000111000000000000000000000000000000
11111111111111111111111111111111111111111111111111111111111111110000000000001000001010000110101000000000000000000000000000000000000000000000000000000000000000000000000010000000000111000000000000000000000000000000
11111111111111111111111111111111111111111111111111111111111111110000000000001000001010100110101010000000000000000000000000000000000000000000000000000000000000000000000010000000000111000000000000000000000000000000
11111111111111111111111111111111111111111111111111111111111111110000000000001000001011000110101100000000000000000000000000000000000000000000000000000000000000000000000010000000000111000000000000000000000000000000
11111111111111111111111111111111111111111111111111111111111111110000000000001000001011100110101110000000000000000000000000000000000000000000000000000000010000000000000010000000000111000000000000000000000000110000
11111111111111111111111111111111111111111111111111111111111111110000000000001000000000000110110000000000000000000000000000000000000000000000000000000000000000000000000010000000000110000000000000000000000000000000
11111111111111111111111111111111111111111111111111111111111111110000000000001000000000100110110010000000000000000000000000000000000000000000000000000000000000000000000010000000000111000000000000000000000000000000
11111111111111111111111111111111111111111111111111111111111111110000000000001000000001000110110100000000000000000000000000000000000000000000000000000000000000000000000010000000000111000000000000000000000000000000
11111111111111111111111111111111111111111111111111111111111111110000000000001000000001100110110110000000000000000000000000000000000000000000000000000000000000000000000010000000000111000000000000000000000000000000
11111111111111111111111111111111111111111111111111111111111111110000000000001000000010000110111000000000000000000000000000000000000000000000000000000000000000000000000010000000000111000000000000000000000000000000
11111111111111111111111111111111111111111111111111111111111111110000000000001000000010100110111010000000000000000000000000000000000000000000000000000000000000000000000010000000000111000000000000000000000000000000
11111111111111111111111111111111111111111111111111111111111111110000000000001000000011000110111100000000000000000000000000000000000000000000000000000000000000000000000010000000000111000000000000000000000000000000
11111111111111111111111111111111111111111111111111111111111111110000000000001000000011100110111110000000000000000000000000000000000000000000000000000000000000000000000010000000000111000000000000000000000000000000
11111111111111111111111111111111111111111111111111111111111111110000000000001000000100000111000000000000000000000000000000000000000000000000000000000000000000000000000010000000000111000000000000000000000000000000
11111111111111111111111111111111111111111111111111111111111111110000000000001000000100100111000010000000000000000000000000000000000000000000000000000000000000000000000010000000000111000000000000000000000000000000
11111111111111111111111111111111111111111111111111111111111111110000000000001000000101000111000100000000000000000000000000000000000000000000000000000000000000000000000010000000000111000000000000000000000000000000
11111111111111111111111111111111111111111111111111111111111111110000000000001000000101100111000110000000000000000000000000000000000000000000000000000000000000000000000010000000000111000000000000000000000000000000
11111111111111111111111111111111111111111111111111111111111111110000000000001000000110000111001000000000000000000000000000000000000000000000000000000000000000000000000010000000000111000000000000000000000000000000
11111111111111111111111111111111111111111111111111111111111111110000000000001000000110100111001010000000000000000000000000000000000000000000000000000000000000000000000010000000000111000000000000000000000000000000
11111111111111111111111111111111111111111111111111111111111111110000000000001000000111000111001100000000000000000000000000000000000000000000000000000000000000000000000010000000000111000000000000000000000000000000
11111111111111111111111111111111111111111111111111111111111111110000000000001000000111100111001110000000000000000000000000000000000000000000000000000000000000000000000010000000000111000000000000000000000000000000
11111111111111111111111111111111111111111111111111111111111111110000000000001000001000000111010000000000000000000000000000000000000000000000000000000000000000000000000010000000000111000000000000000000000000000000
11111111111111111111111111111111111111111111111111111111111111110000000000001000001000100111010010000000000000000000000000000000000000000000000000000000000000000000000010000000000111000000000000000000000000000000
11111111111111111111111111111111111111111111111111111111111111110000000000001000001001000111010100000000000000000000000000000000000000000000000000000000000000000000000010000000000111000000000000000000000000000000
11111111111111111111111111111111111111111111111111111111111111110000000000001000001001100111010110000000000000000000000000000000000000000000000000000000000000000000000010000000000111000000000000000000000000000000
11111111111111111111111111111111111111111111111111111111111111110000000000001000001010000111011000000000000000000000000000000000000000000000000000000000000000000000000010000000000111000000000000000000000000000000
11111111111111111111111111111111111111111111111111111111111111110000000000001000001010100111011010000000000000000000000000000000000000000000000000000000000000000000000010000000000111000000000000000000000000000000
11111111111111111111111111111111111111111111111111111111111111110000000000001000001011000111011100000000000000000000000000000000000000000000000000000000000000000000000010000000000111000000000000000000000000000000
11111111111111111111111111111111111111111111111111111111111111110000000000001000001011100111011110000000000000000000000000000000000000000000000000000000010010000000000010000000000111000000000000000000000000110000
00000000000000000000000000000000000000000000000000000000000000000000000000001000000000000000000000000000000000000000000000000000000000000000000000000000000000000000000110000000000000011000000000000000000000011100
00000000000000000000000000000000000000000000000000000000000000000000000000001000000000000000000000000000000000000000000000000010000000000000000000100000000000000000001110000000000000011000000000000000000000011100
00000000000000000000000000000000000000000000000000000000000000000000000000001000000000000000000000000000000000000000000000000100000000000000000001000000000000000000010110000000000000011000000000000000000000011100
00000000000000000000000000000000000000000000000000000000000000000000000000001000000000000000000000000000000000000000000000000110000000000000000001100000000000000000011110000000000000011000000000000000000000011100
00000000000000000000000000000000000000000000000000000000000000000000000000001000000000000000000000000000000000000000000000001000000000000000000010000000000000000000100110000000000000011000000000000000000000011100
00000000000000000000000000000000000000000000000000000000000000000000000000001000000000000000000000000000000000000000000000001010000000000000000010100000000000000000101110000000000000011000000000000000000000011100
00000000000000000000000000000000000000000000000000000000000000000000000000001000000000000000000000000000000000000000000000001100000000000000000011000000000000000000110110000000000000011000000000000000000000011100
00000000000000000000000000000000000000000000000000000000000000000000000000001000000000000000000000000000000000000000000000001110000000000000000011100000000000000000111110000000000000011000000000000000000000011100
00000000000000000000000000000000000000000000000000000000000000000000000000001000000000000000000000000000000000000000000000010000000000000000000100000000000000000001000110000000000000011000000000000000000000011100
00000000000000000000000000000000000000000000000000000000000000000000000000001000000000000000000000000000000000000000000000010010000000000000000100100000000000000001001110000000000000011000000000000000000000011100
11111111111111111111111111111111111111111111111111111111111111110000000000001000000000000000000000000000000000000000000000000000000000000000000000000000000000000000000010000000000000000000000000000000000000000000
11111111111111111111111111111111111111111111111111111111111111110000000000001000000000000000000000000000000000000000000000000000000000000000000000000000000000000000000010000000000000000000000000000000000000000000
11111111111111111111111111111111111111111111111111111111111111110000000000001000000000000000000000000000000000000000000000000000000000000000000000000000000000000000000010000000000000000000000000000000000000000000
00000000000000000000000000000000000000000000000000000000000000001000000000001000000000000000000000000000000000000000000000000000000000000000000000000000000000000000000010000000000000000000000000000000000000000000
